[VALUES]
ww = 1.000000
cw = 0.700000
gaw = 1.000000
sw = 1.000000
cr = 100.000000
gar = 100.000000
sr = 75.000000
